1. WindowSize=7, Epochs: 10
Lowest root mean squared error
Epoch 10/10
1438/1438 ━━━━━━━━━━━━━━━━━━━━ 3s 2ms/step - loss: 31.0749 - root_mean_squared_error: 5.5745 - val_loss: 28.7086 - val_root_mean_squared_error: 5.3580
Lowest val loss
Epoch 10/10
1438/1438 ━━━━━━━━━━━━━━━━━━━━ 3s 2ms/step - loss: 31.0749 - root_mean_squared_error: 5.5745 - val_loss: 28.7086 - val_root_mean_squared_error: 5.3580

2. Window Size=30, Epochs: 10
Lowest root mean squared error
Epoch 10/10
1438/1438 ━━━━━━━━━━━━━━━━━━━━ 9s 6ms/step - loss: 30.5180 - root_mean_squared_error: 5.5243 - val_loss: 28.4350 - val_root_mean_squared_error: 5.3324
Lowest val loss
Epoch 9/10
1438/1438 ━━━━━━━━━━━━━━━━━━━━ 9s 6ms/step - loss: 30.5689 - root_mean_squared_error: 5.5289 - val_loss: 28.3182 - val_root_mean_squared_error: 5.3215

3. WindowSize=60, Epochs: 10
Lowest root mean squared error
Epoch 10/10
1438/1438 ━━━━━━━━━━━━━━━━━━━━ 17s 12ms/step - loss: 29.6338 - root_mean_squared_error: 5.4437 - val_loss: 27.4822 - val_root_mean_squared_error: 5.2423
Lowest val loss
Epoch 10/10
1438/1438 ━━━━━━━━━━━━━━━━━━━━ 17s 12ms/step - loss: 29.6338 - root_mean_squared_error: 5.4437 - val_loss: 27.4822 - val_root_mean_squared_error: 5.2423

4. WindowSize=90, Epochs: 10
Lowest root mean squared error
Epoch 10/10
1438/1438 ━━━━━━━━━━━━━━━━━━━━ 29s 20ms/step - loss: 29.3480 - root_mean_squared_error: 5.4174 - val_loss: 27.9245 - val_root_mean_squared_error: 5.2844
Lowest val loss
Epoch 9/10
1438/1438 ━━━━━━━━━━━━━━━━━━━━ 29s 20ms/step - loss: 29.4096 - root_mean_squared_error: 5.4231 - val_loss: 27.3018 - val_root_mean_squared_error: 5.2251

5. WindowSize=60, Epochs: 20
Lowesr root mean squares error
Epoch 20/20
1438/1438 ━━━━━━━━━━━━━━━━━━━━ 19s 13ms/step - loss: 29.3610 - root_mean_squared_error: 5.4186 - val_loss: 27.5470 - val_root_mean_squared_error: 5.2485
Lowest val loss
Epoch 20/20
1438/1438 ━━━━━━━━━━━━━━━━━━━━ 19s 13ms/step - loss: 29.3610 - root_mean_squared_error: 5.4186 - val_loss: 27.5470 - val_root_mean_squared_error: 5.2485


Trying to predict the next year.
1. After about 50 predictions, the predictions kinda plateiued
[58.         63.         62.         59.5        61.5        70.
 70.5        65.5        52.5        46.5        56.5        63.5
 64.5        51.         41.         40.5        44.5        41.5
 39.         35.5        35.         34.         44.         48.5
 47.         50.5        49.5        54.         47.5        40.
 49.         39.         39.5        51.5        41.5        42.
 50.         56.5        48.5        40.5        35.5        36.5
 33.         32.5        35.         37.5        41.         40.
 36.         35.         34.5        33.5        41.         33.
 11.         21.         23.5        32.         40.         45.5
 42.42874527 38.30245972 36.48856735 35.74878311 35.31628036 34.95915604
 34.63936996 34.36444473 34.13527298 33.93901825 33.76288223 33.60926437
 33.48714828 33.39105606 33.29916    33.20182037 33.10787964 33.02310181
 32.94068146 32.85274506 32.754673   32.64920044 32.55265427 32.47509003
 32.41321182 32.36420059 32.3310318  32.3117485  32.29753876 32.2825737
 32.2672348  32.24802017 32.22620773 32.21131516 32.20133209 32.18980789
 32.18852997 32.20656967 32.23736191 32.26689911 32.28715515 32.29988098
 32.30767441 32.30927658 32.30632401 32.30486298 32.31051636 32.32347107
 32.3382225  32.35162354 32.36289978 32.37527466 32.39644623 32.42891312
 32.45073318 32.44495392 32.4192009  32.38629913 32.36459351 32.36422348
 32.37965012 32.39894485 32.41527939 32.4282608  32.43943024 32.44982147
 32.45977402 32.46937943 32.4786644  32.48765182 32.49634552 32.50477219
 32.51293182 32.52085876 32.5286026  32.5361557  32.5435257  32.55070877
 32.55770111 32.56452942 32.57116318 32.57757187 32.58371353 32.58956528
 32.59511948 32.6003952  32.60539627 32.61014175 32.61465836 32.61898041
 32.6231041  32.62702179 32.63074112 32.63424683 32.63753891 32.64062881
 32.64349365 32.64614105 32.64860916 32.65093994 32.65315247 32.65527344
 32.65728378 32.6591835  32.66094971 32.66259003 32.66410065 32.66547775
 32.66674423 32.66791534 32.66898727 32.66996384 32.67087173 32.67172623
 32.67255783 32.67338562 32.67419052 32.67490768 32.67551041 32.67597961
 32.67634583 32.6766243  32.67685318 32.67704773 32.6771965  32.67730331
 32.67737198 32.67741013 32.67742538 32.6774025  32.67735291 32.67726898
 32.67717361 32.67705154 32.67690659 32.67674255 32.67657089 32.67638016
 32.67617035 32.67596054 32.67573929 32.67551041 32.67527008 32.67502975
 32.67478561 32.67453384 32.67428589 32.67403793 32.67379379 32.67353821
 32.67328262 32.6730423  32.67280579 32.6725502  32.67230988 32.67207336
 32.67184448 32.67160797 32.67138672 32.6711731  32.67095947 32.67074966
 32.6705513  32.67036057 32.67017746 32.66999054 32.66981888 32.66963959
 32.66945648 32.66929626 32.66914749 32.66900635 32.66885376 32.66871643
 32.66859436 32.66846466 32.66834641 32.66822815 32.66811371 32.66801071
 32.66791153 32.66781616 32.66772461 32.66765213 32.66757965 32.66751099
 32.66744614 32.66738129 32.66731262 32.66725159 32.66719437 32.66714096
 32.66709518 32.66705322 32.66701508 32.66698456 32.66694641 32.66690063
 32.66686249 32.66684341 32.66682816 32.66680908 32.66679382 32.66677856
 32.66676712 32.66675949 32.66674805 32.66673279 32.66672516 32.66671753
 32.66672134 32.66672134 32.66671371 32.6667099  32.66671371 32.66671753
 32.66672134 32.66672516 32.66674042 32.66674423 32.66674423 32.66674423
 32.66674042 32.66674042 32.66674805 32.66675186 32.66676331 32.66677475
 32.66678238 32.66679001 32.66679001 32.66679382 32.66679764 32.66680145
 32.6668129  32.66682053 32.66682816 32.6668396  32.66684341 32.66684723
 32.66685104 32.66685486 32.66685867 32.66687012 32.66688538 32.66688919
 32.66689301 32.66689682 32.66689682 32.66689682 32.66689682 32.66689682
 32.66690445 32.66691208 32.66692352 32.66692734 32.66692352 32.66693115
 32.66693497 32.66693497 32.66693878 32.66693878 32.66693878 32.66693878
 32.66694641 32.66695023 32.66694641 32.6669426  32.66694641 32.66695404
 32.66695786 32.66695786 32.66695786 32.66695786 32.66696167 32.66696548
 32.66697311 32.66697693 32.66697693 32.66697693 32.66697693 32.66697693
 32.66697693 32.66697693 32.66697693 32.66698074 32.66698456 32.66699219
 32.666996   32.66699982 32.66699982 32.66699982 32.66699982 32.66699982
 32.66699982 32.66699982 32.66700363 32.66700363 32.66700363 32.66700363
 32.66700363 32.66700363 32.66700363 32.66700363 32.66700363 32.66700363
 32.66700363 32.66700363 32.66700363 32.66700363 32.66700363 32.66700363
 32.66700363 32.66700363 32.66700363 32.66700363 32.66700363 32.66700363
 32.66700363 32.66700363 32.66700363 32.66700363 32.66700363 32.66700363
 32.66700745 32.66700745 32.66700745 32.66700745 32.66700745 32.66700745
 32.66700745 32.66700745 32.66700745 32.66700745 32.66700745 32.66700745
 32.66700745 32.66700745 32.66700745 32.66700745 32.66700745 32.66700745
 32.66701126 32.66701126 32.66701126 32.66701126 32.66700745 32.66700745
 32.66700745 32.66700745 32.66700745 32.66701126 32.66701126 32.66701126
 32.66701126 32.66701126 32.66700745 32.66700745 32.66700745 32.66700745
 32.66701126 32.66701126 32.66701126 32.66701126 32.66701126]

